% Intrinsic and Extrinsic Camera Parameters
%
% This script file can be directly executed under Matlab to recover the camera intrinsic and extrinsic parameters.
% IMPORTANT: This file contains neither the structure of the calibration objects nor the image coordinates of the calibration points.
%            All those complementary variables are saved in the complete matlab data file Calib_Results.mat.
% For more information regarding the calibration model visit http://www.vision.caltech.edu/bouguetj/calib_doc/


%-- Focal length:
fc = [ 657.325339056145594 ; 657.788012925745988 ];

%-- Principal point:
cc = [ 303.062598029103413 ; 242.505935609925672 ];

%-- Skew coefficient:
alpha_c = 0.000000000000000;

%-- Distortion coefficients:
kc = [ -0.253423173204820 ; 0.119739533945970 ; -0.000275612348810 ; 0.000013322184998 ; 0.000000000000000 ];

%-- Focal length uncertainty:
fc_error = [ 0.283228151369007 ; 0.287738058554199 ];

%-- Principal point uncertainty:
cc_error = [ 0.575416901371847 ; 0.550256018051601 ];

%-- Skew coefficient uncertainty:
alpha_c_error = 0.000000000000000;

%-- Distortion coefficients uncertainty:
kc_error = [ 0.002297118932777 ; 0.009365117865564 ; 0.000121044657668 ; 0.000119675995401 ; 0.000000000000000 ];

%-- Image size:
nx = 640;
ny = 480;


%-- Various other variables (may be ignored if you do not use the Matlab Calibration Toolbox):
%-- Those variables are used to control which intrinsic parameters should be optimized

n_ima = 25;						% Number of calibration images
est_fc = [ 1 ; 1 ];					% Estimation indicator of the two focal variables
est_aspect_ratio = 1;				% Estimation indicator of the aspect ratio fc(2)/fc(1)
center_optim = 1;					% Estimation indicator of the principal point
est_alpha = 0;						% Estimation indicator of the skew coefficient
est_dist = [ 1 ; 1 ; 1 ; 1 ; 0 ];	% Estimation indicator of the distortion coefficients


%-- Extrinsic parameters:
%-- The rotation (omc_kk) and the translation (Tc_kk) vectors for every calibration image and their uncertainties

%-- Image #1:
omc_1 = [ 1.654871e+00 ; 1.652035e+00 ; -6.695430e-01 ];
Tc_1  = [ -1.776754e+02 ; -8.379771e+01 ; 8.530300e+02 ];
omc_error_1 = [ 7.181216e-04 ; 8.900911e-04 ; 1.172577e-03 ];
Tc_error_1  = [ 7.475526e-01 ; 7.206701e-01 ; 3.921336e-01 ];

%-- Image #2:
omc_2 = [ 1.849091e+00 ; 1.900733e+00 ; -3.967730e-01 ];
Tc_2  = [ -1.550239e+02 ; -1.594048e+02 ; 7.575446e+02 ];
omc_error_2 = [ 7.554844e-04 ; 8.936402e-04 ; 1.434167e-03 ];
Tc_error_2  = [ 6.673748e-01 ; 6.387468e-01 ; 3.814487e-01 ];

%-- Image #3:
omc_3 = [ 1.742567e+00 ; 2.077811e+00 ; -5.051042e-01 ];
Tc_3  = [ -1.252340e+02 ; -1.746404e+02 ; 7.754665e+02 ];
omc_error_3 = [ 6.950144e-04 ; 9.468679e-04 ; 1.486429e-03 ];
Tc_error_3  = [ 6.823890e-01 ; 6.536973e-01 ; 3.642117e-01 ];

%-- Image #4:
omc_4 = [ 1.828081e+00 ; 2.116864e+00 ; -1.103145e+00 ];
Tc_4  = [ -6.445236e+01 ; -1.548891e+02 ; 7.790533e+02 ];
omc_error_4 = [ 6.259022e-04 ; 9.753825e-04 ; 1.359739e-03 ];
Tc_error_4  = [ 6.881304e-01 ; 6.524137e-01 ; 2.916159e-01 ];

%-- Image #5:
omc_5 = [ 1.079309e+00 ; 1.922564e+00 ; -2.532321e-01 ];
Tc_5  = [ -9.231077e+01 ; -2.289877e+02 ; 7.367726e+02 ];
omc_error_5 = [ 5.994020e-04 ; 8.949364e-04 ; 1.056348e-03 ];
Tc_error_5  = [ 6.548293e-01 ; 6.224526e-01 ; 3.557817e-01 ];

%-- Image #6:
omc_6 = [ -1.701467e+00 ; -1.929159e+00 ; -7.915157e-01 ];
Tc_6  = [ -1.489007e+02 ; -7.965932e+01 ; 4.446997e+02 ];
omc_error_6 = [ 5.814716e-04 ; 9.066471e-04 ; 1.244728e-03 ];
Tc_error_6  = [ 3.928436e-01 ; 3.847872e-01 ; 3.148388e-01 ];

%-- Image #7:
omc_7 = [ 1.996642e+00 ; 1.931569e+00 ; 1.310770e+00 ];
Tc_7  = [ -8.297928e+01 ; -7.772239e+01 ; 4.400618e+02 ];
omc_error_7 = [ 1.055840e-03 ; 5.711380e-04 ; 1.323603e-03 ];
Tc_error_7  = [ 3.950042e-01 ; 3.764915e-01 ; 3.243545e-01 ];

%-- Image #8:
omc_8 = [ 1.961162e+00 ; 1.824250e+00 ; 1.326622e+00 ];
Tc_8  = [ -1.701214e+02 ; -1.035265e+02 ; 4.618931e+02 ];
omc_error_8 = [ 1.015216e-03 ; 5.857103e-04 ; 1.274271e-03 ];
Tc_error_8  = [ 4.316263e-01 ; 4.093298e-01 ; 3.660526e-01 ];

%-- Image #9:
omc_9 = [ -1.363591e+00 ; -1.980307e+00 ; 3.212355e-01 ];
Tc_9  = [ -1.872429e+00 ; -2.250855e+02 ; 7.283329e+02 ];
omc_error_9 = [ 7.064118e-04 ; 9.028943e-04 ; 1.202392e-03 ];
Tc_error_9  = [ 6.470472e-01 ; 6.129488e-01 ; 3.729283e-01 ];

%-- Image #10:
omc_10 = [ -1.513003e+00 ; -2.086564e+00 ; 1.890259e-01 ];
Tc_10  = [ -2.954799e+01 ; -3.003978e+02 ; 8.599670e+02 ];
omc_error_10 = [ 8.833420e-04 ; 1.060271e-03 ; 1.624600e-03 ];
Tc_error_10  = [ 7.774495e-01 ; 7.284502e-01 ; 5.015539e-01 ];

%-- Image #11:
omc_11 = [ -1.793096e+00 ; -2.064988e+00 ; -4.798113e-01 ];
Tc_11  = [ -1.510426e+02 ; -2.354180e+02 ; 7.045665e+02 ];
omc_error_11 = [ 8.161137e-04 ; 1.000723e-03 ; 1.739672e-03 ];
Tc_error_11  = [ 6.369941e-01 ; 6.246930e-01 ; 5.137139e-01 ];

%-- Image #12:
omc_12 = [ -1.838886e+00 ; -2.087288e+00 ; -5.155071e-01 ];
Tc_12  = [ -1.334804e+02 ; -1.772605e+02 ; 6.047661e+02 ];
omc_error_12 = [ 6.895862e-04 ; 9.483192e-04 ; 1.586214e-03 ];
Tc_error_12  = [ 5.426954e-01 ; 5.279219e-01 ; 4.280482e-01 ];

%-- Image #13:
omc_13 = [ -1.918819e+00 ; -2.116578e+00 ; -5.942208e-01 ];
Tc_13  = [ -1.326916e+02 ; -1.435988e+02 ; 5.446287e+02 ];
omc_error_13 = [ 6.415945e-04 ; 9.337241e-04 ; 1.548318e-03 ];
Tc_error_13  = [ 4.875243e-01 ; 4.724740e-01 ; 3.865002e-01 ];

%-- Image #14:
omc_14 = [ -1.954213e+00 ; -2.124611e+00 ; -5.846315e-01 ];
Tc_14  = [ -1.235974e+02 ; -1.371689e+02 ; 4.906894e+02 ];
omc_error_14 = [ 6.015811e-04 ; 9.119051e-04 ; 1.509320e-03 ];
Tc_error_14  = [ 4.399251e-01 ; 4.252183e-01 ; 3.455513e-01 ];

%-- Image #15:
omc_15 = [ -2.110703e+00 ; -2.253849e+00 ; -4.953507e-01 ];
Tc_15  = [ -1.991467e+02 ; -1.345267e+02 ; 4.748373e+02 ];
omc_error_15 = [ 6.998107e-04 ; 8.669151e-04 ; 1.656958e-03 ];
Tc_error_15  = [ 4.316628e-01 ; 4.215531e-01 ; 3.704868e-01 ];

%-- Image #16:
omc_16 = [ 1.886898e+00 ; 2.336159e+00 ; -1.740152e-01 ];
Tc_16  = [ -1.593073e+01 ; -1.703298e+02 ; 6.955484e+02 ];
omc_error_16 = [ 9.595541e-04 ; 9.996866e-04 ; 2.103018e-03 ];
Tc_error_16  = [ 6.138706e-01 ; 5.820198e-01 ; 4.290637e-01 ];

%-- Image #17:
omc_17 = [ -1.612657e+00 ; -1.953292e+00 ; -3.474493e-01 ];
Tc_17  = [ -1.352194e+02 ; -1.389535e+02 ; 4.899171e+02 ];
omc_error_17 = [ 5.820884e-04 ; 8.606207e-04 ; 1.242644e-03 ];
Tc_error_17  = [ 4.337485e-01 ; 4.216130e-01 ; 3.050583e-01 ];

%-- Image #18:
omc_18 = [ -1.341670e+00 ; -1.692547e+00 ; -2.970808e-01 ];
Tc_18  = [ -1.853878e+02 ; -1.577912e+02 ; 4.409962e+02 ];
omc_error_18 = [ 6.620796e-04 ; 8.237768e-04 ; 9.743150e-04 ];
Tc_error_18  = [ 3.939610e-01 ; 3.841280e-01 ; 2.910061e-01 ];

%-- Image #19:
omc_19 = [ -1.925772e+00 ; -1.838060e+00 ; -1.440422e+00 ];
Tc_19  = [ -1.065822e+02 ; -7.956608e+01 ; 3.340201e+02 ];
omc_error_19 = [ 5.748364e-04 ; 9.907436e-04 ; 1.249732e-03 ];
Tc_error_19  = [ 3.064079e-01 ; 2.939458e-01 ; 2.692454e-01 ];

%-- Image #20:
omc_20 = [ 1.895990e+00 ; 1.593234e+00 ; 1.471831e+00 ];
Tc_20  = [ -1.439004e+02 ; -8.796253e+01 ; 3.962747e+02 ];
omc_error_20 = [ 1.024367e-03 ; 5.934856e-04 ; 1.148517e-03 ];
Tc_error_20  = [ 3.737388e-01 ; 3.506850e-01 ; 3.227442e-01 ];

%-- Image #21:
omc_21 = [ 1.930284e+00 ; 1.667550e+00 ; 1.441952e+00 ];
Tc_21  = [ -8.334596e+01 ; -8.482718e+01 ; 4.060785e+02 ];
omc_error_21 = [ 1.044724e-03 ; 6.088996e-04 ; 1.189411e-03 ];
Tc_error_21  = [ 3.695728e-01 ; 3.493973e-01 ; 3.121844e-01 ];

%-- Image #22:
omc_22 = [ 2.106234e+00 ; 1.697870e+00 ; 7.001427e-01 ];
Tc_22  = [ -2.011346e+02 ; -1.445423e+02 ; 5.424827e+02 ];
omc_error_22 = [ 8.966789e-04 ; 6.471445e-04 ; 1.432221e-03 ];
Tc_error_22  = [ 5.079570e-01 ; 4.707024e-01 ; 4.162882e-01 ];

%-- Image #23:
omc_23 = [ -1.363701e+00 ; -1.714478e+00 ; -1.445572e-01 ];
Tc_23  = [ -1.631457e+02 ; -1.919726e+02 ; 5.844208e+02 ];
omc_error_23 = [ 6.890863e-04 ; 8.251208e-04 ; 1.027552e-03 ];
Tc_error_23  = [ 5.218259e-01 ; 5.008510e-01 ; 3.458450e-01 ];

%-- Image #24:
